time,team,player_id,x,y
0,team1,1,60,400
0,team1,2,400,700
0,team1,3,400,100
0,team1,4,170,270
0,team1,5,170,533
0,team1,6,400,400
0,team1,7,725,100
0,team1,8,550,267
0,team1,9,725,400
0,team1,10,550,533
0,team1,11,725,700
0,team2,1,1124,400
0,team2,2,750,667
0,team2,3,750,133
0,team2,4,800,325
0,team2,5,800,500
0,team2,6,600,533
0,team2,7,450,125
0,team2,8,600,267
0,team2,9,225,400
0,team2,10,450,400
0,team2,11,450,675
0,ball,0,78,400
1,ball,0,180,533
1,team1,1,60,400
1,team1,2,400,700
1,team1,3,400,100
1,team1,4,170,270
1,team1,5,170,533
1,team1,6,400,400
1,team1,7,725,100
1,team1,8,550,267
1,team1,9,725,400
1,team1,10,550,533
1,team1,11,725,700
1,team2,1,1124,400
1,team2,2,750,667
1,team2,3,750,133
1,team2,4,800,325
1,team2,5,800,500
1,team2,6,600,533
1,team2,7,450,125
1,team2,8,600,267
1,team2,9,225,400
1,team2,10,450,400
1,team2,11,450,675
2,team1,1,60,400
2,team1,3,400,100
2,team1,4,170,270
2,team1,5,170,533
2,team1,6,400,400
2,team1,7,725,100
2,team1,8,550,267
2,team1,9,725,400
2,team1,10,550,533
2,team1,11,725,700
2,team2,1,1124,400
2,team2,2,750,667
2,team2,3,750,133
2,team2,4,800,325
2,team2,5,800,500
2,team2,6,600,533
2,team2,7,450,125
2,team2,8,600,267
2,team2,9,225,400
2,team2,10,450,400
2,team2,11,450,675
2,team1,2,350,700
2,ball,0,340,700
3,ball,0,180,533
3,team1,1,60,400
3,team1,2,400,700
3,team1,3,400,100
3,team1,4,170,270
3,team1,5,170,533
3,team1,6,400,400
3,team1,7,725,100
3,team1,8,550,267
3,team1,9,725,400
3,team1,10,550,533
3,team1,11,725,700
3,team2,1,1124,400
3,team2,2,750,667
3,team2,3,750,133
3,team2,4,800,325
3,team2,5,800,500
3,team2,6,600,533
3,team2,7,450,125
3,team2,8,600,267
3,team2,9,225,400
3,team2,10,450,400
3,team2,11,450,675
4,team1,1,60,400
4,team1,2,400,700
4,team1,3,400,100
4,team1,4,170,270
4,team1,5,170,533
4,team1,6,400,400
4,team1,7,725,100
4,team1,8,550,267
4,team1,9,725,400
4,team1,10,550,533
4,team1,11,725,700
4,team2,1,1124,400
4,team2,2,750,667
4,team2,3,750,133
4,team2,4,800,325
4,team2,5,800,500
4,team2,6,600,533
4,team2,7,450,125
4,team2,8,600,267
4,team2,9,225,400
4,team2,10,450,400
4,team2,11,450,675
4,ball,0,78,400
5,team1,1,60,400
5,team1,2,400,550
5,team1,3,400,100
5,team1,4,170,270
5,team1,5,170,533
5,team1,6,400,400
5,team1,7,725,100
5,team1,8,550,267
5,team1,9,725,400
5,team1,10,550,533
5,team1,11,725,700
5,team2,1,1124,400
5,team2,2,750,667
5,team2,3,750,133
5,team2,4,800,325
5,team2,5,800,500
5,team2,6,600,533
5,team2,7,450,125
5,team2,8,600,267
5,team2,9,225,400
5,team2,10,450,400
5,team2,11,450,675
5,ball,0,180,270
6,team1,1,60,400
6,team1,2,400,515
6,team1,3,350,145
6,team1,4,170,300
6,team1,5,170,533
6,team1,6,400,315
6,team1,7,725,100
6,team1,8,650,267
6,team1,9,725,400
6,team1,10,570,533
6,team1,11,725,700
6,team2,1,1124,400
6,team2,2,750,667
6,team2,3,750,133
6,team2,4,800,325
6,team2,5,800,500
6,team2,6,610,533
6,team2,7,450,125
6,team2,8,700,267
6,team2,9,225,400
6,team2,10,450,350
6,team2,11,450,675
6,ball,0,360,155
